Half-life: 30 days
Number of users: 1000
Vector dimension: 384

Vector L2 Norm Statistics:
  min    : 0.190343
  max    : 0.974867
  mean   : 0.410482
  median : 0.383903
  std    : 0.130047
