Half-life: 90 days
Number of users: 1000
Vector dimension: 384

Vector L2 Norm Statistics:
  min    : 0.210064
  max    : 0.974792
  mean   : 0.428945
  median : 0.413757
  std    : 0.121705
