Half-life: 60 days
Number of users: 1000
Vector dimension: 384

Vector L2 Norm Statistics:
  min    : 0.205191
  max    : 0.974803
  mean   : 0.423305
  median : 0.405378
  std    : 0.123418
