Half-life: 30 days
Number of users: 1000
Vector dimension: 10000

Vector L2 Norm Statistics:
  min    : 0.208670
  max    : 0.944209
  mean   : 0.340345
  median : 0.297336
  std    : 0.132310
