Half-life: 30 days
Number of users: 1000
Vector dimension: 10000

Vector L2 Norm Statistics:
  min    : 0.203174
  max    : 0.936308
  mean   : 0.336770
  median : 0.290783
  std    : 0.133098
