Half-life: 60 days
Number of users: 1000
Vector dimension: 10000

Vector L2 Norm Statistics:
  min    : 0.203448
  max    : 0.845323
  mean   : 0.332997
  median : 0.290765
  std    : 0.126689
