Half-life: 90 days
Number of users: 1000
Vector dimension: 10000

Vector L2 Norm Statistics:
  min    : 0.202474
  max    : 0.803770
  mean   : 0.331666
  median : 0.290149
  std    : 0.125341
